PADDLE 434 440
BALL 620 1358 -4 3
BLOCKS_COUNT 39
0 60 1
133.667 60 1
267.333 60 1
401 60 1
534.667 60 1
668.333 60 1
0 87 2
133.667 87 2
267.333 87 2
401 87 2
534.667 87 2
668.333 87 2
0 114 2
133.667 114 2
267.333 114 2
401 114 2
534.667 114 2
668.333 114 2
0 141 3
133.667 141 3
267.333 141 3
401 141 3
534.667 141 3
668.333 141 3
0 168 3
133.667 168 3
267.333 168 3
401 168 3
534.667 168 3
668.333 168 3
0 195 3
133.667 195 3
267.333 195 3
401 195 1
534.667 195 1
668.333 195 3
0 222 1
133.667 222 3
668.333 222 2
